5 1 0.22 0.22 0.22
10 1 0.23 0.23 0.23
15 1 0.24 0.24 0.24
20 1 0.25 0.25 0.25
25 1 0.25 0.25 0.25
30 1 0.27 0.27 0.27
35 1 0.28 0.28 0.28
40 1 0.38 0.38 0.38
45 1 0.73 0.74 0.75
50 1 1.33 1.38 1.38
55 1 19.20 15.58 15.71
60 1 180.33 130.00 130.32
10 5 0.25 0.25 0.25
20 5 0.27 0.27 0.27
30 5 0.30 0.30 0.30
40 5 0.34 0.35 0.36
50 5 0.48 0.52 0.53
60 5 0.69 0.75 0.77
70 5 1.59 1.77 1.87
80 5 5.75 4.39 4.85
90 5 21.10 13.32 14.75
100 5 48.05 28.52 31.76
50 9 0.37 0.37 0.37
100 9 0.41 0.42 0.41
150 9 0.62 0.67 0.65
200 9 1.09 1.24 1.21
250 9 1.77 2.15 2.01
300 9 2.87 3.11 3.10
350 9 5.02 4.98 5.25
400 9 9.49 8.60 9.23
450 9 17.21 19.30 15.90
500 9 35.98 32.84 32.57
550 9 92.48 54.34 64.48
